1199576.20619
1112708.6211
1050361.16403
962161.074482
914824.069423
873220.826151
810370.632479
758357.50725
705448.007496
696725.333921
634062.034429
591856.262196
565823.174304
523275.922152
511945.490364
476307.55487
449437.344198
437207.48306
408153.682476
382118.997393
366453.816657
346253.810402
329418.819843
320006.20196
295715.340875
289575.566891
277878.620387
260799.723274
249363.814788
241755.659443
218421.525805
208524.308995
192157.519543
183407.856316
173760.123818
161123.941205
151369.495815
